LTLNet
Params: 0.299148M
FLOPs: 17.967818GFLOPs

